0 0.280818 0.187144 0.016329 0.023660
1 0.399909 0.256129 0.016027 0.022520
2 0.453432 0.198475 0.014011 0.018957
3 0.444411 0.256343 0.013104 0.019812
4 0.462806 0.255487 0.014212 0.018957
5 0.435490 0.282568 0.016027 0.021807
6 0.202651 0.258338 0.015220 0.022948
7 0.500302 0.194555 0.014212 0.019669
8 0.325673 0.287628 0.014313 0.020239
8 0.344219 0.287486 0.013708 0.018814
8 0.366697 0.287700 0.014313 0.019242
8 0.339028 0.341933 0.013607 0.019384
8 0.480647 0.367446 0.014011 0.019669
8 0.537547 0.364952 0.013910 0.019242
8 0.498992 0.284493 0.013607 0.020239
8 0.278853 0.313640 0.013607 0.020667
8 0.301482 0.337799 0.013910 0.019384
8 0.304556 0.381414 0.013607 0.020239
8 0.295787 0.425599 0.015019 0.021095
8 0.328445 0.448404 0.014011 0.018814
8 0.285707 0.449330 0.013003 0.019812
9 0.269126 0.452680 0.014313 0.020239
10 0.301431 0.283994 0.017236 0.023803
11 0.520764 0.197050 0.014011 0.020097
12 0.536891 0.198190 0.013809 0.019527
13 0.527820 0.284920 0.015422 0.023090
14 0.589558 0.194627 0.014111 0.020382
15 0.607348 0.194627 0.014414 0.019812
16 0.640157 0.231970 0.014111 0.019527
17 0.640359 0.266035 0.013708 0.020667
18 0.644491 0.288697 0.017942 0.024658
19 0.677301 0.283709 0.014011 0.019527
20 0.203256 0.472491 0.014011 0.020239
8 0.350217 0.454247 0.014817 0.020239
9 0.262222 0.530573 0.013809 0.019812
21 0.228656 0.534493 0.013003 0.020239
21 0.228404 0.610818 0.013104 0.019812
21 0.322599 0.571907 0.014011 0.019812
21 0.324312 0.534849 0.014011 0.020097
22 0.231579 0.691633 0.014011 0.020097
6 0.204818 0.722420 0.014515 0.021237
8 0.231630 0.716719 0.014515 0.019527
23 0.347142 0.717574 0.015926 0.022662
7 0.227800 0.803022 0.014313 0.020525
24 0.249168 0.803592 0.014313 0.020239
25 0.363875 0.795396 0.015523 0.022662
25 0.295888 0.794897 0.015220 0.022235
26 0.312821 0.761759 0.015220 0.021237
27 0.248916 0.760334 0.013809 0.021807
28 0.397188 0.703535 0.017236 0.023660
23 0.289638 0.718144 0.016027 0.022948
29 0.414122 0.718572 0.015220 0.023233
30 0.441437 0.752281 0.014212 0.020525
31 0.285102 0.337942 0.016228 0.023375
31 0.321087 0.339153 0.015422 0.024373
4 0.322195 0.382839 0.013809 0.019099
4 0.342455 0.311217 0.014011 0.018387
4 0.432819 0.198475 0.013708 0.019812
32 0.522074 0.222491 0.013809 0.019099
33 0.538807 0.225627 0.015220 0.021950
31 0.499849 0.366306 0.015926 0.023945
34 0.578168 0.271308 0.013910 0.019812
35 0.559167 0.271594 0.016228 0.023803
36 0.623223 0.461730 0.018143 0.024373
8 0.386050 0.384265 0.013305 0.020239
8 0.418355 0.383552 0.013607 0.019669
8 0.413970 0.439852 0.013910 0.020239
8 0.439472 0.441491 0.014313 0.019812
8 0.466183 0.441277 0.013708 0.019384
2 0.316904 0.497363 0.013708 0.021237
8 0.602207 0.541690 0.014615 0.019812
8 0.520814 0.572477 0.014313 0.019812
21 0.495767 0.610462 0.013607 0.020239
21 0.472634 0.610462 0.014313 0.020239
21 0.411854 0.610034 0.013708 0.020239
30 0.474095 0.716861 0.014615 0.020667
37 0.470719 0.198047 0.013708 0.019242
38 0.623072 0.186716 0.014011 0.021665
8 0.558663 0.332027 0.014011 0.019812
39 0.627104 0.284279 0.013003 0.019812
40 0.625643 0.258267 0.013910 0.019384
41 0.599788 0.346280 0.013607 0.020667
31 0.397087 0.448831 0.017236 0.025371
9 0.408931 0.578250 0.013708 0.020239
9 0.261365 0.607682 0.014313 0.019242
42 0.491231 0.707241 0.015623 0.022520
42 0.474902 0.747221 0.018849 0.025228
8 0.510735 0.749074 0.014313 0.019812
30 0.513658 0.706956 0.013708 0.020239
43 0.517035 0.648161 0.017236 0.022948
31 0.520966 0.598275 0.017236 0.024373
8 0.603367 0.661060 0.013708 0.020239
44 0.622568 0.559649 0.015019 0.019812
44 0.622719 0.606970 0.013910 0.019812
45 0.622417 0.582811 0.019151 0.024800
45 0.622266 0.630701 0.018849 0.024800
31 0.623223 0.663127 0.018143 0.024373
46 0.599133 0.421893 0.014313 0.021095
47 0.595202 0.704675 0.014313 0.020239
48 0.620300 0.701254 0.013708 0.019669
49 0.638293 0.702395 0.017236 0.024800
50 0.614454 0.746579 0.014313 0.021095
0 0.599486 0.798247 0.015019 0.019812
29 0.482411 0.450613 0.016329 0.024373
51 0.781574 0.716648 0.014313 0.019384
52 0.845278 0.679376 0.013708 0.019242
52 0.845630 0.605331 0.013607 0.020239
52 0.845278 0.508623 0.014313 0.019812
53 0.857625 0.408352 0.013607 0.018814
54 0.816652 0.661488 0.013708 0.020239
55 0.781272 0.604689 0.014313 0.019812
55 0.781222 0.511616 0.015019 0.021237
56 0.853593 0.475057 0.014011 0.019669
57 0.817357 0.606756 0.016934 0.024800
57 0.815996 0.512044 0.016228 0.022092
16 0.808386 0.473204 0.014716 0.020810
58 0.854047 0.231328 0.016934 0.023375
59 0.865084 0.253207 0.015623 0.019242
60 0.864832 0.277509 0.014313 0.020239
61 0.814384 0.398090 0.013607 0.020239
62 0.850318 0.386117 0.015926 0.020239
63 0.862211 0.349059 0.013708 0.019669
64 0.852938 0.435291 0.013305 0.019384
65 0.793116 0.170182 0.015220 0.022520
59 0.724826 0.186003 0.014716 0.020239
66 0.714091 0.247933 0.015220 0.020667
67 0.771142 0.283994 0.015623 0.022948
68 0.758442 0.243515 0.016228 0.022948
69 0.736670 0.257839 0.016228 0.024800
70 0.795535 0.284920 0.016833 0.023090
71 0.645298 0.382625 0.017539 0.023518
72 0.648372 0.415051 0.014615 0.021095
17 0.720895 0.334094 0.013305 0.019384
73 0.671505 0.369798 0.013910 0.019812
74 0.690354 0.371152 0.014716 0.018814
31 0.361556 0.428663 0.015724 0.024088
8 0.361909 0.407853 0.014011 0.018387
43 0.399153 0.658139 0.017740 0.024658
1 0.486141 0.259835 0.015724 0.022235
75 0.836508 0.169684 0.015724 0.021522
76 0.782582 0.186859 0.016732 0.021095
77 0.623526 0.335091 0.013708 0.020239
